File camel_acdc.arff
File cfx_acdc.arff
File hadoop_acdc.arff
File nutch_acdc.arff
File openjpa_acdc.arff
File struts_acdc.arff
File wicket_acdc.arff
0 
2 3 4 5 6 0.29111779428520057,0.3261349693251534
1 3 4 5 6 0.5486374983269795,0.5028220858895706
1 2 4 5 6 0.5926907997057848,0.4505521472392638
1 2 3 5 6 0.6099492723397647,0.5366871165644171
1 2 3 4 6 0.5857113056014358,0.5186503067484662
1 2 3 4 5 0.39138325026064524,0.3839877300613497
1 
2 3 4 5 6 0.3137164373138966,0.3208041958041958
0 3 4 5 6 0.40417064905940037,0.3936480186480186
0 2 4 5 6 0.5066595693188136,0.5064102564102564
0 2 3 5 6 0.4955204622798014,0.5078671328671329
0 2 3 4 6 0.5271579913545599,0.5192307692307693
0 2 3 4 5 0.5302274825065849,0.5151515151515151
2 
1 3 4 5 6 0.31692712156833114,0.3053356282271945
0 3 4 5 6 0.18751791927941835,0.19173838209982788
0 1 4 5 6 0.44716772958957973,0.38450946643717726
0 1 3 5 6 0.4482880263300835,0.3938037865748709
0 1 3 4 6 0.4490025250505759,0.38209982788296043
0 1 3 4 5 0.2896863828198547,0.2812392426850258
3 
1 2 4 5 6 0.31574863601455405,0.48712206047032475
0 2 4 5 6 0.594956894219357,0.5431131019036954
0 1 4 5 6 0.594956894219357,0.5431131019036954
0 1 2 5 6 0.594956894219357,0.5431131019036954
0 1 2 4 6 0.594956894219357,0.5431131019036954
0 1 2 4 5 0.594956894219357,0.5431131019036954
4 
1 2 3 5 6 0.6181360501073019,0.5590809628008753
0 2 3 5 6 0.6141324364211204,0.549781181619256
0 1 3 5 6 0.6141324364211204,0.549781181619256
0 1 2 5 6 0.6141324364211204,0.549781181619256
0 1 2 3 6 0.5992287859652514,0.5350109409190372
0 1 2 3 5 0.6184408962961798,0.5054704595185996
5 
1 2 3 4 6 0.46014234337175386,0.45719661335841955
0 2 3 4 6 0.42900259887806597,0.43461900282220134
0 1 3 4 6 0.38401240027621697,0.3339604891815616
0 1 2 4 6 0.44121239127923295,0.4412041392285983
0 1 2 3 6 0.425415267917329,0.4205079962370649
0 1 2 3 4 0.4038787093923078,0.43838193791157104
6 
1 2 3 4 5 0.42506463737408323,0.5666108085462924
0 2 3 4 5 0.6598311756470926,0.6560536237955593
0 1 3 4 5 0.6536422498659292,0.6468370339338081
0 1 2 4 5 0.6533634003166527,0.6464180980310013
0 1 2 3 5 0.6836328083605393,0.4857561793045664
0 1 2 3 4 0.6353230588820108,0.6378299120234604
