File camel_acdc.arff
File cfx_acdc.arff
File hadoop_acdc.arff
File nutch_acdc.arff
File openjpa_acdc.arff
File struts_acdc.arff
File wicket_acdc.arff
0 
0.3736068727302115,0.3817791411042945
0.3736068727302115,0.3817791411042945
0.3736068727302115,0.3817791411042945
0.3736068727302115,0.3817791411042945
0.3736068727302115,0.3817791411042945
0.3736068727302115,0.3817791411042945
1 
0.5011862762002626,0.49096736596736595
0.5011862762002626,0.49096736596736595
0.5011862762002626,0.49096736596736595
0.5011862762002626,0.49096736596736595
0.5011862762002626,0.49096736596736595
0.5011862762002626,0.49096736596736595
2 
0.3697864818127016,0.34974182444061963
0.3697864818127016,0.34974182444061963
0.3697864818127016,0.34974182444061963
0.3697864818127016,0.34974182444061963
0.3697864818127016,0.34974182444061963
0.3697864818127016,0.34974182444061963
3 
0.4296998097439054,0.4176931690929451
0.4296998097439054,0.4176931690929451
0.4296998097439054,0.4176931690929451
0.4296998097439054,0.4176931690929451
0.4296998097439054,0.4176931690929451
0.4296998097439054,0.4176931690929451
4 
0.6141324364211204,0.549781181619256
0.6141324364211204,0.549781181619256
0.6141324364211204,0.549781181619256
0.6141324364211204,0.549781181619256
0.6141324364211204,0.549781181619256
0.6141324364211204,0.549781181619256
5 
0.5570979556632072,0.5531514581373471
0.5570979556632072,0.5531514581373471
0.5570979556632072,0.5531514581373471
0.5570979556632072,0.5531514581373471
0.5570979556632072,0.5531514581373471
0.5570979556632072,0.5531514581373471
6 
0.6408529490492465,0.6273565144532887
0.6408529490492465,0.6273565144532887
0.6408529490492465,0.6273565144532887
0.6408529490492465,0.6273565144532887
0.6408529490492465,0.6273565144532887
0.6408529490492465,0.6273565144532887
