File camel_acdc_s.arff
File cfx_acdc_s.arff
File hadoop_acdc_s.arff
File nutch_acdc.arff
File openjpa_acdc_s.arff
File struts_acdc_s.arff
File wicket_acdc_s.arff
0 
2 3 4 5 6 0.32659671482747765,0.32589285714285715
1 3 4 5 6 0.584944744134958,0.5066964285714286
1 2 4 5 6 0.56149646001097,0.4799107142857143
1 2 3 5 6 0.60684438906761,0.5212053571428571
1 2 3 4 6 0.6043938933687307,0.5189732142857143
1 2 3 4 5 0.4023048123021265,0.49107142857142855
1 
2 3 4 5 6 0.4087834937305672,0.40792540792540793
0 3 4 5 6 0.4470332450133489,0.37995337995337997
0 2 4 5 6 0.45798311155269367,0.4417249417249417
0 2 3 5 6 0.4466066961161794,0.4358974358974359
0 2 3 4 6 0.44631633799740666,0.44988344988344986
0 2 3 4 5 0.44776814094995915,0.45104895104895104
2 
1 3 4 5 6 0.31691885603354947,0.3065442020665901
0 3 4 5 6 0.22783113583766193,0.208955223880597
0 1 4 5 6 0.4696829712211708,0.4018369690011481
0 1 3 5 6 0.2533881345014292,0.25602755453501724
0 1 3 4 6 0.38682627662329494,0.38002296211251435
0 1 3 4 5 0.34582568130149915,0.35361653272101035
3 
1 2 4 5 6 0.31562591279040736,0.48712206047032475
0 2 4 5 6 0.5907493688151548,0.5386338185890257
0 1 4 5 6 0.5574193628720036,0.503919372900336
0 1 2 5 6 0.594956894219357,0.5431131019036954
0 1 2 4 6 0.594956894219357,0.5431131019036954
0 1 2 4 5 0.4365380193988165,0.42105263157894735
4 
1 2 3 5 6 0.5836730961096086,0.5645514223194749
0 2 3 5 6 0.6040395878653786,0.5350109409190372
0 1 3 5 6 0.5678843216768276,0.5361050328227571
0 1 2 5 6 0.567692042670296,0.5350109409190372
0 1 2 3 6 0.5793295101913178,0.5251641137855579
0 1 2 3 5 0.5955345415517465,0.5678336980306345
5 
1 2 3 4 6 0.46108312579835214,0.48705882352941177
0 2 3 4 6 0.47255102773710217,0.49058823529411766
0 1 3 4 6 0.43052203045956294,0.4376470588235294
0 1 2 4 6 0.4717733336481944,0.4858823529411765
0 1 2 3 6 0.46422230383298824,0.44823529411764707
0 1 2 3 4 0.5037981802650139,0.508235294117647
6 
1 2 3 4 5 0.45813967045077236,0.5336322869955157
0 2 3 4 5 0.5249805684693922,0.5526905829596412
0 1 3 4 5 0.5275915333726527,0.554932735426009
0 1 2 4 5 0.630159914501212,0.6401345291479821
0 1 2 3 5 0.4822214411508894,0.5100896860986547
0 1 2 3 4 0.48749128294601396,0.5269058295964125
