File camel_acdc.arff
File cfx_acdc.arff
File hadoop_acdc.arff
File nutch_acdc.arff
File openjpa_acdc.arff
File struts_acdc.arff
File wicket_acdc.arff
0 
2 3 4 5 6 0.3428990678452795,0.3649693251533742
1 3 4 5 6 0.4768311414021519,0.4820245398773006
1 2 4 5 6 0.3736068727302115,0.3817791411042945
1 2 3 5 6 0.5552021511680626,0.502638036809816
1 2 3 4 6 0.4770199472082252,0.48233128834355826
1 2 3 4 5 0.2543199904711179,0.3450920245398773
1 
2 3 4 5 6 0.3798762875683865,0.4020979020979021
0 3 4 5 6 0.2711282830740249,0.4152097902097902
0 2 4 5 6 0.5011862762002626,0.49096736596736595
0 2 3 5 6 0.4811731033774105,0.4833916083916084
0 2 3 4 6 0.5468274482378891,0.5766317016317016
0 2 3 4 5 0.5245512736595834,0.4997086247086247
2 
1 3 4 5 6 0.37206203087281037,0.34974182444061963
0 3 4 5 6 0.3026309744242308,0.2523235800344234
0 1 4 5 6 0.3697864818127016,0.34974182444061963
0 1 3 5 6 0.38044446733436177,0.35938037865748707
0 1 3 4 6 0.36912384354445543,0.3342512908777969
0 1 3 4 5 0.35938898487082904,0.3421686746987952
3 
1 2 4 5 6 0.3674671302862398,0.5442329227323628
0 2 4 5 6 0.4296998097439054,0.4176931690929451
0 1 4 5 6 0.4296998097439054,0.4176931690929451
0 1 2 5 6 0.4296998097439054,0.4176931690929451
0 1 2 4 6 0.4296998097439054,0.4176931690929451
0 1 2 4 5 0.4296998097439054,0.4176931690929451
4 
1 2 3 5 6 0.6181360501073019,0.5590809628008753
0 2 3 5 6 0.6141324364211204,0.549781181619256
0 1 3 5 6 0.6141324364211204,0.549781181619256
0 1 2 5 6 0.6141324364211204,0.549781181619256
0 1 2 3 6 0.6141324364211204,0.549781181619256
0 1 2 3 5 0.44405102783107403,0.4803063457330416
5 
1 2 3 4 6 0.5602979173034128,0.555032925682032
0 2 3 4 6 0.3628170987194897,0.38758231420507994
0 1 3 4 6 0.6833987854906647,0.561618062088429
0 1 2 4 6 0.5570979556632072,0.5531514581373471
0 1 2 3 6 0.5768529672999541,0.5634995296331138
0 1 2 3 4 0.4822788862438959,0.5428033866415805
6 
1 2 3 4 5 0.42263901406949994,0.5569752827817344
0 2 3 4 5 0.6408529490492465,0.6273565144532887
0 1 3 4 5 0.6408529490492465,0.6273565144532887
0 1 2 4 5 0.6408529490492465,0.6273565144532887
0 1 2 3 5 0.6544856845108783,0.4407205697528278
0 1 2 3 4 0.6222182455458626,0.6189777963971512
