max tokens: 14242
total tokens: 528273
978
978
0.5880058452570712
0.5716097411755883
0.4293117646159347
0.6120832819787851
0.6431338368695777
0.46601907462230735
0.3730054816298789
0.40571552157668667
0.5561665490053656
0.4996060480986696
0.5434254124916247
0.4654623389544217
0.38185582400024365
0.5366776930276491
0.4654622673017592
0.6057632807175117
0.4509944504696798
0.44940042228843696
0.5615566683945472
0.4721636423600112
0.3885736418803706
0.4591039305115512
0.558600281969722
0.4395104388719875
0.5900410908771238
0.5235469117731709
0.4146666111222183
0.4603059567749813
0.47161645840233696
0.5661162760987911
0.5929147624753967
0.502417894549921
0.5126837985764119
0.5328074154076772
0.45386508629680483
0.4628970075354689
0.5447200283159916
0.44844290540115134
0.43210559424857276
0.6115387025082002
0.550542328378605
0.4823160294522478
0.5381914599838566
0.5409617323235518
0.5501837161185663
0.47274045828741573
0.5388702739748334
0.6415234152499695
0.6037848363547321
0.5131458357013166
0.47674410782260174
0.4936517490222995
0.6556868532834055
0.5724439492856381
0.5486846060749315
0.5390121156462895
0.5259262760361196
0.6178143471413652
0.5668435040265918
0.47682588816823657
0.5753244120843921
0.5740798299859668
0.5674299418548433
0.48039450005559214
0.3950322442262194
0.48937524213407646
0.5595878669547105
0.5028867839943763
0.3071985203268378
0.58784773129266
0.38291723066809946
0.519278636085599
0.53050267300704
0.463588846976978
0.47889472534249367
0.3692444507483124
0.42444381734295566
0.5306354865253115
0.5841272674543379
0.4929866800633592
0.49873982695289
0.6062959536078569
0.3531825058601237
0.4178616957673359
0.3871526116775317
0.3213199722616573
0.42562463270547357
0.5482642338233747
0.4838613844158176
0.463059372943158
0.6216198470518002
0.49976723365447084
0.5082145894748746
0.6621232584934781
0.6207920988103208
0.5876412822385206
0.6770722100901279
0.5234932829376945
0.6846644588905557
0.39175868032147587
0.46779151929833207
0.5826798771712285
0.6364450706341711
0.700698245168649
0.6235413917450968
0.45231967802893774
0.5039847038165939
0.6118936726529399
0.5447871465356964
0.5852929479089363
0.6868944972493003
0.46237869462833786
0.6044866018479277
0.43665457091053855
0.3913498731479702
0.7066084385478357
0.5220863710013315
0.619867177923506
0.49821977420775776
0.41761387658907734
0.4675123425623956
0.4341404827711565
0.5530755245279806
0.6007373215862403
0.5406465366739907
0.6452049422124353
0.5679191782450486
0.42819522918686453
0.5633711649312876
0.5744708237755731
0.6336750106933158
0.5778811367009774
0.5402095335031947
0.4371193551179593
0.5774577260134605
0.47112420632091345
0.45483897062897133
0.442473099552268
0.5192002709667582
0.551400840632173
0.36568999911097394
0.5740356536678085
0.5690605447981493
0.37087072379535624
0.5804496482849547
0.5086539237510432
0.5843187008493536
0.43903328731071645
0.6100331949071431
0.47416437271901063
0.4396393190870558
0.4743057735219565
0.5773797995746945
0.558536740565023
0.6226247424749045
0.6243634701768155
0.4786744283061307
0.6440011424915055
0.562841988374187
0.6169408871126085
0.5236794120767743
0.48311229837099157
0.5758910242871356
0.6775978970647667
0.5785230143973599
0.36217580576597785
0.4589564840644982
0.359383988873438
0.43915261629366376
0.2523159314792529
0.5091748200193557
0.49076547548061167
0.569664350943186
0.5487230566493155
0.6159332427080869
0.44387147633755625
0.41977450569970765
0.6541758252540384
0.6103204109765628
0.48449399894878187
0.5998596069712634
0.6048806959450991
0.6255866837765662
0.6394718482463554
0.511450067818424
0.51557881652735
0.5675257543984142
0.5715339739387771
0.6398716077548671
0.5979775905607685
0.4858866120978994
0.6017225897297279
0.3629667068458766
0.5019030375391587
0.39506079725780535
0.5699963801584007
0.3988476285691084
0.581956011793539
0.4856725849194824
0.6064099334792407
0.5727120488951133
0.6299964478550635
0.4519309058378319
0.4642049855287026
0.3307779964016303
0.6046219714722113
0.5577119350898241
0.5098668949015557
0.5768915332375624
0.594826928792607
0.5482773804098628
0.46309140643155294
0.47522828416592
0.6123717742486812
0.4091057091032093
0.48694153380418204
0.5830112030204873
0.4519232384084889
0.3933593454574603
0.5533125218512891
0.5516707173160451
0.6395437440986426
0.5228433349761735
0.5229051743584954
0.6114960888145595
0.5924228875679126
0.4049241630289051
0.5334650603856093
0.5546869097227601
0.3552855161901878
0.523345544123743
0.40552661967870396
0.289516264684816
0.6947385418703312
0.648815781747848
0.556113063027634
0.6640465467424241
0.5316014026836376
0.5610268027928278
0.4446876488940753
0.42282881435550146
0.46616254830612447
0.6186943113457897
0.45835496234517303
0.6413502036702551
0.6992449441032133
0.5664024293708967
0.5386759075005059
0.5764504955272141
0.6231419999981578
0.5722335971432302
0.5071817856461174
0.6830677009196007
0.5690005467391748
0.5970027523546623
0.49795968147592823
0.6674098602480093
0.5806018009723823
0.32341231598481923
0.5825486439841685
0.5862109727908679
0.5984505203371867
0.5457681955265623
0.561820347713232
0.41875808397130176
0.60092412787166
0.4867775692627476
0.5772421118956049
0.5492126082660755
0.5463649880456134
0.6420294496122015
0.5393385299491547
0.5424439061380277
0.5822498961527566
0.5135269121129797
0.5547396188247016
0.5480046505126744
0.6221236327854441
0.46274363786830475
0.5229943401964712
0.5131102917569015
0.467617434528376
0.49108747401609826
0.5519374387851619
0.5829709453600671
0.5794253451448415
0.49925673486556044
0.5491046414392273
0.4797475927441198
0.5092490790341015
0.2918172612142332
0.4763934771368986
0.603364429884249
0.495005026473316
0.5647090166237756
0.6012498124363415
0.5790008565662996
0.5556929508836469
0.5464336174688482
0.5161422570212786
0.530596723658785
0.442679779478176
0.5662133040538582
0.6918615535152324
0.47416249061335536
0.44367502622608546
0.6153413991113836
0.6573857492707611
0.4941549563645057
0.5255188848690235
0.6400210487736919
0.47882304638310735
0.48136351191270504
0.5094545862904911
0.44217467666768995
0.5068924434895214
0.44324126346110154
0.6445693174864424
0.5947875079838411
0.3866081611670036
0.5038339405640604
0.5574644991771237
0.4960619134687416
0.6336125452678889
0.6340487625112232
0.48856331816969756
0.5006963506255676
0.39895575564513375
0.5289654359635857
0.4979051878837383
0.4113878538589539
0.3440135450000867
0.6080782654563388
0.49577874147579415
0.6533871001505457
0.47933346100279206
0.5669677679755869
0.447285108756352
0.5430761537796089
0.29932987728035754
0.6086685652918737
0.4105507492553582
0.5713033442270545
0.4793371445376128
0.4613282297012541
0.4112713044603987
0.5701582634023764
0.5190501046399518
0.5384315337646988
0.5173965373500713
0.47579932006804115
0.6392583021632195
0.5312368354834986
0.6501427374490685
0.6369135219789925
0.422296432935261
0.4587336047076179
0.2517294107801694
0.6147867832307512
0.388816168679607
0.5810942373961627
0.4765453718274848
0.5825393675951929
0.6666869143473172
0.5469296740092512
0.4030375119762134
0.5060742849861963
0.41704627897539587
0.5437499079387342
0.4462099281724513
0.2784436610512651
0.5975340259235069
0.6427608591870917
0.5812328870043382
0.6523041430879895
0.4370125864553964
0.5115127330775884
0.39747203314420376
0.5711767399885717
0.5961833591330581
0.5107159626043265
0.49867544762535854
0.5741478262752606
0.5599799034919877
0.613237442418235
0.6864338711538458
0.49767668330709514
0.4996100695067741
0.4074621922209405
0.5238805637713514
0.4935697516849092
0.6037555328974891
0.5099603876132704
0.5663289547977564
0.49099767150824436
0.40403960806284867
0.5149793306803737
0.608984227250674
0.23450903343552976
0.5123148867234477
0.5391249275341922
0.478156792854566
0.6026641842606094
0.6089180881230394
0.4578491689480901
0.5051558280115817
0.5164823537860413
0.583457836463239
0.583637785989367
0.6680251984117995
0.6001419253070407
0.6747166115356298
0.48808137022215603
0.6616432248767457
0.6347652900359508
0.5164329103684747
0.5971573499464476
0.5694140624398976
0.5459023866604702
0.6337033939202111
0.44131777031078867
0.5189688142043577
0.387667989012437
0.36193519606750746
0.48338798559369384
0.517338760536487
0.3716830432833339
0.5993756394073602
0.6249295738019105
0.2930856216743295
0.44722004007261007
0.4770647922236533
0.6047738729503892
0.3822258444548885
0.5944368362029693
0.43696475044879846
0.6035174380316591
0.4678344445348825
0.5270601750539088
0.5665243597034144
0.5728024816103807
0.5385621201894113
0.4542497138342008
0.44105450680620695
0.4316272785103068
0.6985323035552872
0.6660215230864366
0.6981649847640162
0.46779679900926674
0.6266917184131746
0.5710545728247023
0.5625216235389685
0.5719429411541461
0.505784124745686
0.5050439565625571
0.5434449527273271
0.468702137852117
0.4510764779069848
0.5040367158541461
0.5816659377815039
0.5127907911207263
0.5081613793708886
0.42270693375479834
0.27163271504142283
0.48402075716584836
0.5268389260506243
0.49124005662288567
0.4571769038226554
0.47816451011321737
0.504740710290438
0.5257657633773349
0.6496003994207087
0.5489544145250514
0.5505004817364348
0.3818925029448787
0.6281920701475432
0.6310239291090449
0.6102986313645928
0.5565424275361864
0.5122389215770276
0.6066318779360733
0.5961778803113998
0.48013572828397066
0.36693861677309486
0.4826645069083465
0.6583293588799526
0.4942919060702235
0.5045193606542511
0.5550853121163131
0.5055806296714426
0.5288126460778205
0.6447062257194613
0.5504201920050797
0.5134088606097688
0.44436996987235045
0.4905325392894786
0.6172635317445736
0.5180038257431061
0.36293774667523415
0.4434939374778444
0.5071394932819048
0.5150485665430126
0.5939555298302845
0.5782630735768457
0.5776149701481004
0.4763848875049338
0.4771761728460887
0.6044725809786946
0.4735368678193504
0.33045020099120037
0.4868472237390272
0.5813620421906065
0.43416238382310024
0.46305726363806143
0.47545427883734975
0.4197058541041646
0.5163269328495346
0.44921025660472114
0.4595228297875191
0.40350646482616626
0.3897684030635482
0.519071138575663
0.38053384741125673
0.6291085640408952
0.6411600610824579
0.5092104549248052
0.5444977711619471
0.5259131698723912
0.757760334628123
0.717106865498026
0.6605705456017121
0.5852012610611419
0.49336063481091497
0.69454462299314
0.5324027012018206
0.6513936850427389
0.4980466437698711
0.363399286419981
0.5160749512224284
0.4327164772470409
0.3114374282925056
0.4641770923427151
0.4080460605559644
0.5013643341730597
0.398968786030993
0.4706343454473929
0.40991893737807106
0.3903802262126208
0.42621206323047295
0.3799428968694727
0.3530190729920132
0.4091284465200601
0.4059342887570241
0.6297934071524456
0.5849549762224592
0.3642836598948353
0.4660291201155138
0.65620421264501
0.5828115213933069
0.5170852132553135
0.5940015205673498
0.6011400169488899
0.5440014368128614
0.3402057955718203
0.5522818085158454
0.41206855492894556
0.393787295775764
0.5581707244247912
0.5944487833082106
0.6030576911726042
0.35032952303419174
0.4551330560753956
0.5851664373502816
0.5317818464883596
0.47453054263985184
0.4252173462516262
0.37004210880796357
0.47149521141165907
0.5615937216812148
0.5810770687852636
0.6089282860642238
0.5177661684447508
0.5449603313929807
0.4323307328185566
0.4922270883655818
0.5388736611093575
0.5264239883908681
0.46077749663061784
0.5563455414701866
0.42535194579768115
0.5074405943574555
0.3530881616000834
0.5141738344609676
0.4560236607933206
0.6756151575271404
0.5525839350897574
0.5047696836489391
0.3266890241907652
0.610965464435695
0.6175668217342567
0.5776589534177125
0.5941589084206891
0.5855932885229094
0.47281320996742815
0.5141765239227672
0.6862049292129788
0.6250624816151085
0.6183355912652515
0.5154406402539855
0.6258896012080988
0.4013284528124376
0.5510638638180024
0.5827731463175558
0.3880826790848607
0.5036527482819994
0.39694363312881076
0.46545199364423584
0.5909404329912473
0.47543079403569366
0.5950316935447344
0.5063697347788125
0.4635116924124101
0.5184042145888914
0.4674982266152158
0.46608382120428626
0.5235994333562188
0.5156091484632501
0.5552396900824446
0.5746105386942126
0.6000789683045447
0.5005254109113166
0.5799004647077948
0.6194406614796973
0.5889464025054
0.5723283378605691
0.6109752192475524
0.7011098194467511
0.6620245196170038
0.653452988380614
0.6422066001706992
0.5830925478957049
0.546805075780447
0.6094317998856837
0.5349172772579611
0.3824338945539577
0.6422446352674626
0.32384033699765785
0.5398689050449899
0.5696696439274442
0.5774669513223638
0.6005789716980603
0.4775280635805244
0.6138486310055344
0.4768692926151381
0.48019974852080516
0.517935107659201
0.6275101621499248
0.5210563917790351
0.623111441428948
0.4700855733308994
0.5385286031653661
0.461847836212398
0.5280441564742173
0.4247980791366348
0.492134460373964
0.5954238560780354
0.42145804835528167
0.5772871155723349
0.5736115412032411
0.4716947188166493
0.5446384687691523
0.5577297364517675
0.48382746300764135
0.5924383699544822
0.5286012862876174
0.4938265361901125
0.5972624455607725
0.3796278090380702
0.3680122437550481
0.38865914675887314
0.5313536313057308
0.5040150812789082
0.548808653843188
0.5415405464036577
0.28535742577753026
0.5349064812508373
0.2855482703865545
0.5356122696228283
0.5430422740382519
0.49312814436286856
0.5270197828109379
0.42663248244601865
0.3201474098052318
0.4579404052396764
0.2911245525746892
0.3660764063162356
0.44818545862005843
0.5115467582532381
0.5046975847273668
0.5654359155131363
0.6344791201546272
0.5888360168852804
0.6380350177734575
0.6446933405053699
0.4251903665111494
0.6706710642414117
0.620471176277394
0.3925044151634075
0.6308962604723665
0.5318460287506283
0.6392662306881987
0.6154614669885823
0.5568052680935225
0.43585706722580947
0.49250252647301884
0.40755813177003075
0.6711103130398117
0.624415403372059
0.5353754145223238
0.5872848999363602
0.5224621135080122
0.5673977558636243
0.5201048409888962
0.44184711579496005
0.5365208066075392
0.4132519080643887
0.36661941549675026
0.6399880494730412
0.24335118343004064
0.28554486897103437
0.4176657675658144
0.4127550016684228
0.4127951399960845
0.4591215019285531
0.37374533231425644
0.5158225834213516
0.36973927915259663
0.5686249333476313
0.25775732377723615
0.3584400461842856
0.5050482966739942
0.6241362645152863
0.5215047318323512
0.38081740152269417
0.5638569866739642
0.5892594738769612
0.6373608565592708
0.3774090488739945
0.5454584333530735
0.48471552752388947
0.4980080213846175
0.5690692616891326
0.52881073811357
0.406043490938233
0.403636002155564
0.541964419145925
0.6033094060361195
0.6668554321955976
0.5167670875542492
0.48615601594654945
0.4048853989016068
0.3644266473314447
0.5321097444489025
0.5419239485898859
0.3797902570228343
0.4627228780654038
0.4806852296780929
0.4713954141851563
0.4824593763962568
0.39026830034719684
0.5590012382693237
0.5971594398716292
0.5568976889741555
0.5378510406382957
0.3794875524309893
0.6555895137630353
0.4734454482169601
0.6638266677677267
0.5304570648167437
0.4750613509172057
0.4083945548842759
0.49845918543969664
0.4737848438653522
0.4714184231440631
0.40649242436383204
0.3955435996617592
0.624512857148044
0.6255465726242699
0.5752369278995961
0.6001424255118333
0.39729391709732836
0.22889782758427002
0.3601389304514964
0.3765854223226198
0.44187939905446694
0.3702562970711162
0.4542825469062659
0.4026386889703475
0.4605738075811412
0.455509437580543
0.42483620199964534
0.5890004386797731
0.4033327599436045
0.5408061996779223
0.6014082821595059
0.5036865846691052
0.4774400795004772
0.465992932000141
0.5330659585594846
0.4538037859801076
0.4511238488367856
0.44596079531104593
0.6553628001356082
0.4112301787464431
0.4246660271985011
0.4157757531671151
0.4595602955722232
0.5432590355858592
0.4634160257518541
0.4656724306732861
0.601196829032
0.4441265765907701
0.49723199245993405
0.49976586757283015
0.6620742160231541
0.6118449103451031
0.45383501350301697
0.49318427956244276
0.5856452328970778
0.5779286920950016
0.4912779743531611
0.681477617694914
0.404563595669847
0.3773138963003119
0.4576082511164289
0.4398658474889139
0.6041076231793384
0.37077233914903895
0.49863053563561666
0.44296855572377114
0.4911423187245697
0.5869285331816035
0.23004671646873973
0.5672857693150763
0.5037895244641616
0.3093732779304987
0.5508870614871759
0.5350066006495418
0.5311255378164437
0.551216423955476
0.4275090180364187
0.541888950154666
0.3816371107138644
0.527197813719781
0.5225234727664612
0.42087627852643733
0.5862147412862363
0.4392578958026485
0.26907550999587027
0.5722022169563511
0.5742119843773312
0.5679946242203291
0.41817899265217934
0.45779670564197117
0.30252083908439814
0.5064625652987158
0.4735610041408038
0.4740675651082358
0.39944849061780274
0.30935051941126374
0.4109162875614856
0.6187840411491403
0.5745071279026164
0.37678543302358836
0.41168518678465627
0.4274623626420073
0.5395402590525824
0.3405752950124155
0.54687969824594
0.32918692522480897
0.5243284761465803
0.4834866254129756
0.6522028173615707
0.6727620273530507
0.5723126480534102
0.5292568118492532
0.42379046682338517
0.6947509026221199
0.4265287960920972
0.6367603912054374
0.3602444571244047
0.5700357727238194
0.6002132065701422
0.5811566758122115
0.506582496664336
0.5835331879310572
0.6213227734865505
0.45284915791461666
0.49400953912168133
0.557810021004739
0.5352467076862721
0.4190404032712771
0.4453964246808625
0.40728913260588595
0.3559087767382572
0.44605607989461266
0.6348935304645003
0.6091790540387899
0.5373595036089723
0.6487644429400418
0.35499350962482384
0.353359452343055
0.4428799499714321
0.5217534248472966
0.5353651016379396
0.5026241353144808
0.4332784517169258
0.5567241010626255
0.5592685244674793
0.35388600886852983
0.5424110347451562
0.34796492536017987
0.4705256542674789
0.43566704392659683
0.6170490634462966
0.2885614053071235
0.5282982940961982
0.49119273356053816
0.4171851130160157
0.6347893909928481
0.6089323904282468
0.3881561741211185
0.37056038096125
0.6336596818485296
0.5224215908669347
0.36242805501819064
0.38441669023661607
0.5206787928227152
0.6403690909496129
0.5031074487628163
0.566316444547576
0.45536281236646536
0.5936682053402221
0.4047753481949733
0.42541066416339324
0.4929855320726464
0.38865822466448396
0.6010374348125587
0.5152055715176633
0.5436839245636942
0.3533564442202692
0.39262497950633124
0.44877688016932255
0.37911507318895865
0.6217136279365305
0.3837645149767239
0.40388109242200676
0.4564259850648382
0.427998892153695
0.5302717880065402
0.4298223679746239
0.39472770952102954
0.4495110758203025
0.5229607558722926
0.4885966051123426
0.4557764558871158
0.5425661167532155
0.5889429136765827
0.5500920857563665
0.587489684173798
0.4408524956356444
0.3570756722621874
0.40383523181684705
0.36777756540466205
0.5503337650426348
0.5305337256164638
0.3744483163959905
0.49858152360013236