File camel_acdc.arff
File cfx_acdc.arff
File hadoop_acdc.arff
File nutch_acdc.arff
File openjpa_acdc.arff
File struts_acdc.arff
File wicket_acdc.arff
0 
0.6745180572306896,0.6283435582822086
0.6745180572306896,0.6283435582822086
0.6745180572306896,0.6283435582822086
0.6745180572306896,0.6283435582822086
0.6745180572306896,0.6283435582822086
0.6745180572306896,0.6283435582822086
1 
0.7319876979477664,0.7214452214452215
0.7319876979477664,0.7214452214452215
0.7319876979477664,0.7214452214452215
0.7319876979477664,0.7214452214452215
0.7319876979477664,0.7214452214452215
0.7319876979477664,0.7214452214452215
2 
0.14270053831456245,0.15283993115318417
0.14270053831456245,0.15283993115318417
0.14270053831456245,0.15283993115318417
0.14270053831456245,0.15283993115318417
0.14270053831456245,0.15283993115318417
0.14270053831456245,0.15283993115318417
3 
0.594956894219357,0.5431131019036954
0.594956894219357,0.5431131019036954
0.594956894219357,0.5431131019036954
0.594956894219357,0.5431131019036954
0.594956894219357,0.5431131019036954
0.594956894219357,0.5431131019036954
4 
0.687288541462605,0.6307439824945296
0.687288541462605,0.6307439824945296
0.687288541462605,0.6307439824945296
0.687288541462605,0.6307439824945296
0.687288541462605,0.6307439824945296
0.687288541462605,0.6307439824945296
5 
0.3137629224922493,0.2878645343367827
0.3137629224922493,0.2878645343367827
0.3137629224922493,0.2878645343367827
0.3137629224922493,0.2878645343367827
0.3137629224922493,0.2878645343367827
0.3137629224922493,0.2878645343367827
6 
0.6719967604024366,0.6736489317134479
0.6719967604024366,0.6736489317134479
0.6719967604024366,0.6736489317134479
0.6719967604024366,0.6736489317134479
0.6719967604024366,0.6736489317134479
0.6719967604024366,0.6736489317134479
