File camel_acdc.arff
File cfx_acdc_l.arff
File hadoop_acdc_l.arff
File nutch_acdc_l.arff
File openjpa_acdc_l.arff
File struts_acdc_l.arff
File wicket_acdc_l.arff
0 
2 3 4 5 6 0.31054552230234317,0.33815950920245397
1 3 4 5 6 0.5399671319871016,0.49190184049079755
1 2 4 5 6 0.5763375938294085,0.4414110429447853
1 2 3 5 6 0.5864160090268256,0.5149693251533742
1 2 3 4 6 0.5714736227012535,0.5048466257668711
1 2 3 4 5 0.46413471256496264,0.49392638036809816
1 
2 3 4 5 6 0.3531104023728613,0.34933774834437087
0 3 4 5 6 0.45372731034666697,0.4068211920529801
0 2 4 5 6 0.48920004405290635,0.5101986754966887
0 2 3 5 6 0.48678377264099987,0.4874834437086093
0 2 3 4 6 0.5006380954011771,0.500794701986755
0 2 3 4 5 0.4834450562033952,0.502384105960265
2 
1 3 4 5 6 0.3478699680737778,0.3232008313847753
0 3 4 5 6 0.38541002018872766,0.29968823070927514
0 1 4 5 6 0.4101079874148006,0.34976617303195634
0 1 3 5 6 0.40578921762188136,0.35431280852169394
0 1 3 4 6 0.3784826581312085,0.35983372304494676
0 1 3 4 5 0.37552056421412205,0.3314497272018706
3 
1 2 4 5 6 0.6510771707694468,0.4922363379713652
0 2 4 5 6 0.5999580915547166,0.5489682059555018
0 1 4 5 6 0.5985537293810318,0.5474894131881428
0 1 2 5 6 0.5988729721802084,0.5478255024534516
0 1 2 4 6 0.5999580915547166,0.5489682059555018
0 1 2 4 5 0.4265344859063987,0.4176917389258587
4 
1 2 3 5 6 0.6249391287572524,0.5924319273892151
0 2 3 5 6 0.6227155884596872,0.5559930592632141
0 1 3 5 6 0.6267777368555767,0.5602642819006941
0 1 2 5 6 0.6097465394812979,0.5729444741057128
0 1 2 3 6 0.6101843169000049,0.5433796049119061
0 1 2 3 5 0.3981140101788208,0.45361719167111586
5 
1 2 3 4 6 0.42986085296711235,0.4597395694924263
0 2 3 4 6 0.45602458708592186,0.47302684028700503
0 1 3 4 6 0.38929493910633667,0.4138320488971565
0 1 2 4 6 0.4025101744725197,0.42559128355035875
0 1 2 3 6 0.4283955363347834,0.42412968376295507
0 1 2 3 4 0.44449373572621514,0.4769465851714058
6 
1 2 3 4 5 0.5292660968560615,0.5481968092237566
0 2 3 4 5 0.5208577889552228,0.5409572328730393
0 1 3 4 5 0.5075243806515072,0.5291594047459445
0 1 2 4 5 0.6196327018099052,0.6334629306877597
0 1 2 3 5 0.3476259493941871,0.3678777315994101
0 1 2 3 4 0.48274617904891476,0.5273495106582652
