File camel_acdc.arff
File cfx_acdc_l.arff
File hadoop_acdc_l.arff
File nutch_acdc_l.arff
File openjpa_acdc_l.arff
File struts_acdc_l.arff
File wicket_acdc_l.arff
0 
2 3 4 5 6 0.3729453896111412,0.3811042944785276
1 3 4 5 6 0.44505094743409485,0.4678527607361963
1 2 4 5 6 0.3287436532670734,0.36754601226993866
1 2 3 5 6 0.4520324857232428,0.46914110429447853
1 2 3 4 6 0.44880743482205787,0.4676073619631902
1 2 3 4 5 0.41402821254195876,0.4545398773006135
1 
2 3 4 5 6 0.4634032167127263,0.536092715231788
0 3 4 5 6 0.27537873601749757,0.4204635761589404
0 2 4 5 6 0.35403018074387294,0.3882119205298013
0 2 3 5 6 0.36590692542250797,0.3779470198675497
0 2 3 4 6 0.3842397262616041,0.3894701986754967
0 2 3 4 5 0.33012030671314,0.3852980132450331
2 
1 3 4 5 6 0.30616925655839067,0.2981943361912185
0 3 4 5 6 0.29122251910567637,0.22362951415952195
0 1 4 5 6 0.3758988628216348,0.3102104442712393
0 1 3 5 6 0.34367801712941326,0.31625097427903354
0 1 3 4 6 0.3284006621896645,0.315341647181086
0 1 3 4 5 0.2491888137748707,0.28286567939724605
3 
1 2 4 5 6 0.36000392709339,0.5382805673186798
0 2 4 5 6 0.42066784946422714,0.42811050615043356
0 1 4 5 6 0.4274367359322866,0.42763998117900115
0 1 2 5 6 0.42218397533778057,0.4187000067217853
0 1 2 4 6 0.4254581486614073,0.41789339248504404
0 1 2 4 5 0.42086887305388376,0.42884990253411304
4 
1 2 3 5 6 0.631313854108583,0.5982381206620395
0 2 3 5 6 0.6262371803970452,0.573611852642819
0 1 3 5 6 0.6188229253475424,0.5650026695141485
0 1 2 5 6 0.6147581470760994,0.5782835024025628
0 1 2 3 6 0.5990451487134173,0.5421783235451147
0 1 2 3 5 0.42181167189344,0.49279231179925254
5 
1 2 3 4 6 0.5906754176452155,0.5993223491894765
0 2 3 4 6 0.5544360622188675,0.5872309327664098
0 1 3 4 6 0.5922048314107088,0.5611878820090354
0 1 2 4 6 0.5692642733340205,0.5797900611214457
0 1 2 3 6 0.6155650471496382,0.5765346797767739
0 1 2 3 4 0.5173659410040856,0.5898883869253255
6 
1 2 3 4 5 0.4785801342503883,0.500134066228717
0 2 3 4 5 0.47711136050658487,0.49839120525539615
0 1 3 4 5 0.4806228133206558,0.5022120927738303
0 1 2 4 5 0.5815064155058218,0.5842606247486258
0 1 2 3 5 0.3097140648544968,0.3489073602359566
0 1 2 3 4 0.4480913955757576,0.4947714170800375
