File camel_acdc.arff
File cfx_acdc_l.arff
File hadoop_acdc_l.arff
File nutch_acdc_l.arff
File openjpa_acdc_l.arff
File struts_acdc_l.arff
File wicket_acdc_l.arff
0 
1 2 3 4 5 6 0.47987142728952487,0.4028834355828221
1 2 3 4 5 6 0.47987142728952487,0.4028834355828221
1 2 3 4 5 6 0.47987142728952487,0.4028834355828221
1 2 3 4 5 6 0.47987142728952487,0.4028834355828221
1 2 3 4 5 6 0.47987142728952487,0.4028834355828221
1 2 3 4 5 6 0.47987142728952487,0.4028834355828221
1 
0 2 3 4 5 6 0.4982748132948985,0.5039735099337749
0 2 3 4 5 6 0.4982748132948985,0.5039735099337749
0 2 3 4 5 6 0.4982748132948985,0.5039735099337749
0 2 3 4 5 6 0.4982748132948985,0.5039735099337749
0 2 3 4 5 6 0.4982748132948985,0.5039735099337749
0 2 3 4 5 6 0.4982748132948985,0.5039735099337749
2 
0 1 3 4 5 6 0.4173185060326176,0.35353338529488176
0 1 3 4 5 6 0.4173185060326176,0.35353338529488176
0 1 3 4 5 6 0.4173185060326176,0.35353338529488176
0 1 3 4 5 6 0.4173185060326176,0.35353338529488176
0 1 3 4 5 6 0.4173185060326176,0.35353338529488176
0 1 3 4 5 6 0.4173185060326176,0.35353338529488176
3 
0 1 2 4 5 6 0.5955505047173871,0.5443301740942394
0 1 2 4 5 6 0.5955505047173871,0.5443301740942394
0 1 2 4 5 6 0.5955505047173871,0.5443301740942394
0 1 2 4 5 6 0.5955505047173871,0.5443301740942394
0 1 2 4 5 6 0.5955505047173871,0.5443301740942394
0 1 2 4 5 6 0.5955505047173871,0.5443301740942394
4 
0 1 2 3 5 6 0.6077769752040223,0.5716764548852109
0 1 2 3 5 6 0.6077769752040223,0.5716764548852109
0 1 2 3 5 6 0.6077769752040223,0.5716764548852109
0 1 2 3 5 6 0.6077769752040223,0.5716764548852109
0 1 2 3 5 6 0.6077769752040223,0.5716764548852109
0 1 2 3 5 6 0.6077769752040223,0.5716764548852109
5 
0 1 2 3 4 6 0.4399020435335186,0.46445655062450175
0 1 2 3 4 6 0.4399020435335186,0.46445655062450175
0 1 2 3 4 6 0.4399020435335186,0.46445655062450175
0 1 2 3 4 6 0.4399020435335186,0.46445655062450175
0 1 2 3 4 6 0.4399020435335186,0.46445655062450175
0 1 2 3 4 6 0.4399020435335186,0.46445655062450175
6 
0 1 2 3 4 5 0.5164834407551904,0.5372033784689637
0 1 2 3 4 5 0.5164834407551904,0.5372033784689637
0 1 2 3 4 5 0.5164834407551904,0.5372033784689637
0 1 2 3 4 5 0.5164834407551904,0.5372033784689637
0 1 2 3 4 5 0.5164834407551904,0.5372033784689637
0 1 2 3 4 5 0.5164834407551904,0.5372033784689637
