File camel_acdc.arff
File cfx_acdc_l.arff
File hadoop_acdc_l.arff
File nutch_acdc_l.arff
File openjpa_acdc_l.arff
File struts_acdc_l.arff
File wicket_acdc_l.arff
0 
0 1 2 3 4 5 6 0.6413765095134821,0.5912269938650306
1 
0 1 2 3 4 5 6 0.7743839158688705,0.7635099337748344
2 
0 1 2 3 4 5 6 0.13614264031269466,0.14445310470252012
3 
0 1 2 3 4 5 6 0.7956068954887734,0.7170128386099348
4 
0 1 2 3 4 5 6 0.7272127575298032,0.7015483182060865
5 
0 1 2 3 4 5 6 0.28092553617455374,0.2587031623704491
6 
0 1 2 3 4 5 6 0.6397819869276526,0.6565223220270814
