File camel_acdc.arff
File cfx_acdc_l.arff
File hadoop_acdc_l.arff
File nutch_acdc_l.arff
File openjpa_acdc_l.arff
File struts_acdc_l.arff
File wicket_acdc_l.arff
0 
0 1 2 3 4 5 6 0.6233111459670212,0.5754601226993865
1 
0 1 2 3 4 5 6 0.7671796838973671,0.7566887417218543
2 
0 1 2 3 4 5 6 0.1354145350235182,0.14360872954014028
3 
0 1 2 3 4 5 6 0.7831175712373286,0.7096860926262015
4 
0 1 2 3 4 5 6 0.7123851024883715,0.6841964762413241
5 
0 1 2 3 4 5 6 0.2816979161184321,0.25950039861812385
6 
0 1 2 3 4 5 6 0.6277668781642655,0.6429816329266658
